{
 "cells": [
  {
   "cell_type": "markdown",
   "id": "ca66b963-3b65-4536-b02b-901db1facb53",
   "metadata": {},
   "source": [
    "# KIỂM TRA GIỮA KỲ\n",
    "\n",
    "## MÔN: PHÂN TÍCH THỐNG KÊ NHIỀU CHIỀU"
   ]
  },
  {
   "cell_type": "markdown",
   "id": "96491c7b-8d26-453a-b82c-5526231e9cba",
   "metadata": {},
   "source": [
    "### Họ tên: Nguyễn Tiến Đạt\n",
    "### MSV: 20000542"
   ]
  },
  {
   "cell_type": "markdown",
   "id": "d1664046-c06f-494e-81db-079d8e386953",
   "metadata": {},
   "source": [
    "### Câu 1.\n",
    "\n",
    "Cho bộ dữ liệu nghiên cứu về sự biến động của tiền thuê đất nông nghiệp để trồng cỏ linh lăng - thức ăn cho bò sữa vào năm 1977 tại 67 hạt của Minnesota. Mô tả biến:\n",
    "\n",
    "* Rent - Giá thuê trung bình của đất dùng để trồng cỏ linh lăng (USD/mẫu)\n",
    "* AllRent - Giá thuê trung bình của đất canh tác (USD/mẫu)\n",
    "* Cows - Mật độ bò (con/dặm vuông)\n",
    "* Pasture - Tỷ lệ đất nông nghiệp được sử dụng làm đồng cỏ\n",
    "\n",
    "Gọi $X = (Rent, AllRent, Cows, Pasture)^T$ là vectơ ngẫu nhiên 4−chiều."
   ]
  },
  {
   "cell_type": "markdown",
   "id": "98915cce-85f2-4053-9036-d683e7716f40",
   "metadata": {
    "tags": []
   },
   "source": [
    "(i) Nhập dữ liệu vào R/RStudio."
   ]
  },
  {
   "cell_type": "code",
   "execution_count": 1,
   "id": "9a211345-1bce-4a90-9e00-e6faa4e58808",
   "metadata": {
    "tags": []
   },
   "outputs": [
    {
     "data": {
      "text/html": [
       "<table class=\"dataframe\">\n",
       "<caption>A data.frame: 6 x 4</caption>\n",
       "<thead>\n",
       "\t<tr><th></th><th scope=col>Rent</th><th scope=col>AllRent</th><th scope=col>Cows</th><th scope=col>Pasture</th></tr>\n",
       "\t<tr><th></th><th scope=col>&lt;dbl&gt;</th><th scope=col>&lt;dbl&gt;</th><th scope=col>&lt;dbl&gt;</th><th scope=col>&lt;dbl&gt;</th></tr>\n",
       "</thead>\n",
       "<tbody>\n",
       "\t<tr><th scope=row>1</th><td>18.38</td><td>15.50</td><td>17.25</td><td>0.24</td></tr>\n",
       "\t<tr><th scope=row>2</th><td>20.00</td><td>22.29</td><td>18.51</td><td>0.20</td></tr>\n",
       "\t<tr><th scope=row>3</th><td>11.50</td><td>12.36</td><td>11.13</td><td>0.12</td></tr>\n",
       "\t<tr><th scope=row>4</th><td>25.00</td><td>31.84</td><td> 5.54</td><td>0.12</td></tr>\n",
       "\t<tr><th scope=row>5</th><td>52.50</td><td>83.90</td><td> 5.44</td><td>0.04</td></tr>\n",
       "\t<tr><th scope=row>6</th><td>82.50</td><td>72.25</td><td>20.37</td><td>0.05</td></tr>\n",
       "</tbody>\n",
       "</table>\n"
      ],
      "text/latex": [
       "A data.frame: 6 x 4\n",
       "\\begin{tabular}{r|llll}\n",
       "  & Rent & AllRent & Cows & Pasture\\\\\n",
       "  & <dbl> & <dbl> & <dbl> & <dbl>\\\\\n",
       "\\hline\n",
       "\t1 & 18.38 & 15.50 & 17.25 & 0.24\\\\\n",
       "\t2 & 20.00 & 22.29 & 18.51 & 0.20\\\\\n",
       "\t3 & 11.50 & 12.36 & 11.13 & 0.12\\\\\n",
       "\t4 & 25.00 & 31.84 &  5.54 & 0.12\\\\\n",
       "\t5 & 52.50 & 83.90 &  5.44 & 0.04\\\\\n",
       "\t6 & 82.50 & 72.25 & 20.37 & 0.05\\\\\n",
       "\\end{tabular}\n"
      ],
      "text/markdown": [
       "\n",
       "A data.frame: 6 x 4\n",
       "\n",
       "| <!--/--> | Rent &lt;dbl&gt; | AllRent &lt;dbl&gt; | Cows &lt;dbl&gt; | Pasture &lt;dbl&gt; |\n",
       "|---|---|---|---|---|\n",
       "| 1 | 18.38 | 15.50 | 17.25 | 0.24 |\n",
       "| 2 | 20.00 | 22.29 | 18.51 | 0.20 |\n",
       "| 3 | 11.50 | 12.36 | 11.13 | 0.12 |\n",
       "| 4 | 25.00 | 31.84 |  5.54 | 0.12 |\n",
       "| 5 | 52.50 | 83.90 |  5.44 | 0.04 |\n",
       "| 6 | 82.50 | 72.25 | 20.37 | 0.05 |\n",
       "\n"
      ],
      "text/plain": [
       "  Rent  AllRent Cows  Pasture\n",
       "1 18.38 15.50   17.25 0.24   \n",
       "2 20.00 22.29   18.51 0.20   \n",
       "3 11.50 12.36   11.13 0.12   \n",
       "4 25.00 31.84    5.54 0.12   \n",
       "5 52.50 83.90    5.44 0.04   \n",
       "6 82.50 72.25   20.37 0.05   "
      ]
     },
     "metadata": {},
     "output_type": "display_data"
    }
   ],
   "source": [
    "data = read.csv('ThueDatTrongCo.csv')\n",
    "head(data)"
   ]
  },
  {
   "cell_type": "markdown",
   "id": "9b1db118-d38b-47de-9053-901d8887063a",
   "metadata": {},
   "source": [
    "(ii) Tìm trung bình mẫu, ma trận hiệp phương sai mẫu và ma trận tương quan mẫu."
   ]
  },
  {
   "cell_type": "code",
   "execution_count": 2,
   "id": "37ebd805-69cf-4bb8-82e3-345feb2405d3",
   "metadata": {
    "tags": []
   },
   "outputs": [
    {
     "data": {
      "text/html": [
       "<style>\n",
       ".dl-inline {width: auto; margin:0; padding: 0}\n",
       ".dl-inline>dt, .dl-inline>dd {float: none; width: auto; display: inline-block}\n",
       ".dl-inline>dt::after {content: \":\\0020\"; padding-right: .5ex}\n",
       ".dl-inline>dt:not(:first-of-type) {padding-left: .5ex}\n",
       "</style><dl class=dl-inline><dt>Rent</dt><dd>42.1661194029851</dd><dt>AllRent</dt><dd>43.6398507462687</dd><dt>Cows</dt><dd>20.5632835820896</dd><dt>Pasture</dt><dd>0.169701492537313</dd></dl>\n"
      ],
      "text/latex": [
       "\\begin{description*}\n",
       "\\item[Rent] 42.1661194029851\n",
       "\\item[AllRent] 43.6398507462687\n",
       "\\item[Cows] 20.5632835820896\n",
       "\\item[Pasture] 0.169701492537313\n",
       "\\end{description*}\n"
      ],
      "text/markdown": [
       "Rent\n",
       ":   42.1661194029851AllRent\n",
       ":   43.6398507462687Cows\n",
       ":   20.5632835820896Pasture\n",
       ":   0.169701492537313\n",
       "\n"
      ],
      "text/plain": [
       "      Rent    AllRent       Cows    Pasture \n",
       "42.1661194 43.6398507 20.5632836  0.1697015 "
      ]
     },
     "metadata": {},
     "output_type": "display_data"
    }
   ],
   "source": [
    "colMeans(data)"
   ]
  },
  {
   "cell_type": "code",
   "execution_count": 3,
   "id": "9fb435b3-ac46-49a6-ae1c-6b6ffefd835b",
   "metadata": {
    "tags": []
   },
   "outputs": [
    {
     "data": {
      "text/html": [
       "<table class=\"dataframe\">\n",
       "<caption>A matrix: 4 x 4 of type dbl</caption>\n",
       "<thead>\n",
       "\t<tr><th></th><th scope=col>Rent</th><th scope=col>AllRent</th><th scope=col>Cows</th><th scope=col>Pasture</th></tr>\n",
       "</thead>\n",
       "<tbody>\n",
       "\t<tr><th scope=row>Rent</th><td>510.154060</td><td>418.372136</td><td>106.886387</td><td>-1.0553906</td></tr>\n",
       "\t<tr><th scope=row>AllRent</th><td>418.372136</td><td>447.344177</td><td> 15.802796</td><td>-1.5275258</td></tr>\n",
       "\t<tr><th scope=row>Cows</th><td>106.886387</td><td> 15.802796</td><td>235.197416</td><td> 1.1580722</td></tr>\n",
       "\t<tr><th scope=row>Pasture</th><td> -1.055391</td><td> -1.527526</td><td>  1.158072</td><td> 0.0208787</td></tr>\n",
       "</tbody>\n",
       "</table>\n"
      ],
      "text/latex": [
       "A matrix: 4 x 4 of type dbl\n",
       "\\begin{tabular}{r|llll}\n",
       "  & Rent & AllRent & Cows & Pasture\\\\\n",
       "\\hline\n",
       "\tRent & 510.154060 & 418.372136 & 106.886387 & -1.0553906\\\\\n",
       "\tAllRent & 418.372136 & 447.344177 &  15.802796 & -1.5275258\\\\\n",
       "\tCows & 106.886387 &  15.802796 & 235.197416 &  1.1580722\\\\\n",
       "\tPasture &  -1.055391 &  -1.527526 &   1.158072 &  0.0208787\\\\\n",
       "\\end{tabular}\n"
      ],
      "text/markdown": [
       "\n",
       "A matrix: 4 x 4 of type dbl\n",
       "\n",
       "| <!--/--> | Rent | AllRent | Cows | Pasture |\n",
       "|---|---|---|---|---|\n",
       "| Rent | 510.154060 | 418.372136 | 106.886387 | -1.0553906 |\n",
       "| AllRent | 418.372136 | 447.344177 |  15.802796 | -1.5275258 |\n",
       "| Cows | 106.886387 |  15.802796 | 235.197416 |  1.1580722 |\n",
       "| Pasture |  -1.055391 |  -1.527526 |   1.158072 |  0.0208787 |\n",
       "\n"
      ],
      "text/plain": [
       "        Rent       AllRent    Cows       Pasture   \n",
       "Rent    510.154060 418.372136 106.886387 -1.0553906\n",
       "AllRent 418.372136 447.344177  15.802796 -1.5275258\n",
       "Cows    106.886387  15.802796 235.197416  1.1580722\n",
       "Pasture  -1.055391  -1.527526   1.158072  0.0208787"
      ]
     },
     "metadata": {},
     "output_type": "display_data"
    }
   ],
   "source": [
    "cov(data)"
   ]
  },
  {
   "cell_type": "code",
   "execution_count": 4,
   "id": "514d2a53-3c3a-4efd-b41a-491a495e7879",
   "metadata": {
    "tags": []
   },
   "outputs": [
    {
     "data": {
      "text/html": [
       "<table class=\"dataframe\">\n",
       "<caption>A matrix: 4 x 4 of type dbl</caption>\n",
       "<thead>\n",
       "\t<tr><th></th><th scope=col>Rent</th><th scope=col>AllRent</th><th scope=col>Cows</th><th scope=col>Pasture</th></tr>\n",
       "</thead>\n",
       "<tbody>\n",
       "\t<tr><th scope=row>Rent</th><td> 1.0000000</td><td> 0.87577226</td><td>0.30857124</td><td>-0.3233783</td></tr>\n",
       "\t<tr><th scope=row>AllRent</th><td> 0.8757723</td><td> 1.00000000</td><td>0.04871882</td><td>-0.4998227</td></tr>\n",
       "\t<tr><th scope=row>Cows</th><td> 0.3085712</td><td> 0.04871882</td><td>1.00000000</td><td> 0.5225979</td></tr>\n",
       "\t<tr><th scope=row>Pasture</th><td>-0.3233783</td><td>-0.49982268</td><td>0.52259791</td><td> 1.0000000</td></tr>\n",
       "</tbody>\n",
       "</table>\n"
      ],
      "text/latex": [
       "A matrix: 4 x 4 of type dbl\n",
       "\\begin{tabular}{r|llll}\n",
       "  & Rent & AllRent & Cows & Pasture\\\\\n",
       "\\hline\n",
       "\tRent &  1.0000000 &  0.87577226 & 0.30857124 & -0.3233783\\\\\n",
       "\tAllRent &  0.8757723 &  1.00000000 & 0.04871882 & -0.4998227\\\\\n",
       "\tCows &  0.3085712 &  0.04871882 & 1.00000000 &  0.5225979\\\\\n",
       "\tPasture & -0.3233783 & -0.49982268 & 0.52259791 &  1.0000000\\\\\n",
       "\\end{tabular}\n"
      ],
      "text/markdown": [
       "\n",
       "A matrix: 4 x 4 of type dbl\n",
       "\n",
       "| <!--/--> | Rent | AllRent | Cows | Pasture |\n",
       "|---|---|---|---|---|\n",
       "| Rent |  1.0000000 |  0.87577226 | 0.30857124 | -0.3233783 |\n",
       "| AllRent |  0.8757723 |  1.00000000 | 0.04871882 | -0.4998227 |\n",
       "| Cows |  0.3085712 |  0.04871882 | 1.00000000 |  0.5225979 |\n",
       "| Pasture | -0.3233783 | -0.49982268 | 0.52259791 |  1.0000000 |\n",
       "\n"
      ],
      "text/plain": [
       "        Rent       AllRent     Cows       Pasture   \n",
       "Rent     1.0000000  0.87577226 0.30857124 -0.3233783\n",
       "AllRent  0.8757723  1.00000000 0.04871882 -0.4998227\n",
       "Cows     0.3085712  0.04871882 1.00000000  0.5225979\n",
       "Pasture -0.3233783 -0.49982268 0.52259791  1.0000000"
      ]
     },
     "metadata": {},
     "output_type": "display_data"
    }
   ],
   "source": [
    "cor(data)"
   ]
  },
  {
   "cell_type": "markdown",
   "id": "a44cdd25-f600-419f-8f88-db0a906ae366",
   "metadata": {},
   "source": [
    "(iii) Tìm giá trị riêng, vectơ riêng của ma trận hiệp phương sai mẫu."
   ]
  },
  {
   "cell_type": "code",
   "execution_count": 5,
   "id": "a5c25fe7-737c-4765-abd9-886fc7b85460",
   "metadata": {
    "tags": []
   },
   "outputs": [
    {
     "data": {
      "text/html": [
       "<style>\n",
       ".list-inline {list-style: none; margin:0; padding: 0}\n",
       ".list-inline>li {display: inline-block}\n",
       ".list-inline>li:not(:last-child)::after {content: \"\\00b7\"; padding: 0 .5ex}\n",
       "</style>\n",
       "<ol class=list-inline><li>910.141970780134</li><li>243.362872895281</li><li>39.2024146879997</li><li>0.00927438194886336</li></ol>\n"
      ],
      "text/latex": [
       "\\begin{enumerate*}\n",
       "\\item 910.141970780134\n",
       "\\item 243.362872895281\n",
       "\\item 39.2024146879997\n",
       "\\item 0.00927438194886336\n",
       "\\end{enumerate*}\n"
      ],
      "text/markdown": [
       "1. 910.141970780134\n",
       "2. 243.362872895281\n",
       "3. 39.2024146879997\n",
       "4. 0.00927438194886336\n",
       "\n",
       "\n"
      ],
      "text/plain": [
       "[1] 9.101420e+02 2.433629e+02 3.920241e+01 9.274382e-03"
      ]
     },
     "metadata": {},
     "output_type": "display_data"
    }
   ],
   "source": [
    "eigen = eigen(cov(data))\n",
    "eigen$values"
   ]
  },
  {
   "cell_type": "code",
   "execution_count": 6,
   "id": "5bf62725-e720-420a-ae93-5742ed8baa87",
   "metadata": {
    "tags": []
   },
   "outputs": [
    {
     "data": {
      "text/html": [
       "<table class=\"dataframe\">\n",
       "<caption>A matrix: 4 x 4 of type dbl</caption>\n",
       "<tbody>\n",
       "\t<tr><td> 0.733105729</td><td>-0.118574101</td><td> 0.6696974204</td><td> 0.001240119</td></tr>\n",
       "\t<tr><td> 0.667235780</td><td> 0.316077012</td><td>-0.6744521565</td><td> 0.002454512</td></tr>\n",
       "\t<tr><td> 0.131716192</td><td>-0.941275788</td><td>-0.3108356237</td><td>-0.005652451</td></tr>\n",
       "\t<tr><td>-0.001802393</td><td>-0.005949401</td><td>-0.0009320555</td><td> 0.999980243</td></tr>\n",
       "</tbody>\n",
       "</table>\n"
      ],
      "text/latex": [
       "A matrix: 4 x 4 of type dbl\n",
       "\\begin{tabular}{llll}\n",
       "\t  0.733105729 & -0.118574101 &  0.6696974204 &  0.001240119\\\\\n",
       "\t  0.667235780 &  0.316077012 & -0.6744521565 &  0.002454512\\\\\n",
       "\t  0.131716192 & -0.941275788 & -0.3108356237 & -0.005652451\\\\\n",
       "\t -0.001802393 & -0.005949401 & -0.0009320555 &  0.999980243\\\\\n",
       "\\end{tabular}\n"
      ],
      "text/markdown": [
       "\n",
       "A matrix: 4 x 4 of type dbl\n",
       "\n",
       "|  0.733105729 | -0.118574101 |  0.6696974204 |  0.001240119 |\n",
       "|  0.667235780 |  0.316077012 | -0.6744521565 |  0.002454512 |\n",
       "|  0.131716192 | -0.941275788 | -0.3108356237 | -0.005652451 |\n",
       "| -0.001802393 | -0.005949401 | -0.0009320555 |  0.999980243 |\n",
       "\n"
      ],
      "text/plain": [
       "     [,1]         [,2]         [,3]          [,4]        \n",
       "[1,]  0.733105729 -0.118574101  0.6696974204  0.001240119\n",
       "[2,]  0.667235780  0.316077012 -0.6744521565  0.002454512\n",
       "[3,]  0.131716192 -0.941275788 -0.3108356237 -0.005652451\n",
       "[4,] -0.001802393 -0.005949401 -0.0009320555  0.999980243"
      ]
     },
     "metadata": {},
     "output_type": "display_data"
    }
   ],
   "source": [
    "eigen$vectors"
   ]
  },
  {
   "cell_type": "markdown",
   "id": "44d7504b-4e0b-4e53-9702-246d0ad461f7",
   "metadata": {},
   "source": [
    "(iv) X có phân bố chuẩn 4−chiều không?"
   ]
  },
  {
   "cell_type": "code",
   "execution_count": 7,
   "id": "7329b5e8-e36f-4776-8672-451ac31cd4c0",
   "metadata": {
    "tags": []
   },
   "outputs": [
    {
     "data": {
      "text/html": [
       "<table class=\"dataframe\">\n",
       "<caption>A matrix: 4 x 4</caption>\n",
       "<thead>\n",
       "\t<tr><th></th><th scope=col>Rent</th><th scope=col>AllRent</th><th scope=col>Cows</th><th scope=col>Pasture</th></tr>\n",
       "\t<tr><th></th><th scope=col>&lt;dbl&gt;</th><th scope=col>&lt;dbl&gt;</th><th scope=col>&lt;chr&gt;</th><th scope=col>&lt;chr&gt;</th><th scope=col>&lt;dbl&gt;</th><th scope=col>&lt;dbl&gt;</th><th scope=col>&lt;chr&gt;</th><th scope=col>&lt;chr&gt;</th><th scope=col>&lt;dbl&gt;</th><th scope=col>&lt;dbl&gt;</th><th scope=col>&lt;chr&gt;</th><th scope=col>&lt;chr&gt;</th><th scope=col>&lt;dbl&gt;</th><th scope=col>&lt;dbl&gt;</th><th scope=col>&lt;chr&gt;</th><th scope=col>&lt;chr&gt;</th></tr>\n",
       "</thead>\n",
       "<tbody>\n",
       "\t<tr><th scope=row>statistic</th><td>0.9540613</td><td>0.9551989</td><td>0.9080142</td><td>0.8182695</td></tr>\n",
       "\t<tr><th scope=row>p.value</th><td>0.01471229</td><td>0.01686195</td><td>0.0001148565</td><td>1.22909e-07</td></tr>\n",
       "\t<tr><th scope=row>method</th><td>Shapiro-Wilk normality test</td><td>Shapiro-Wilk normality test</td><td>Shapiro-Wilk normality test</td><td>Shapiro-Wilk normality test</td></tr>\n",
       "\t<tr><th scope=row>data.name</th><td>X[[i]]</td><td>X[[i]]</td><td>X[[i]]</td><td>X[[i]]</td></tr>\n",
       "</tbody>\n",
       "</table>\n"
      ],
      "text/latex": [
       "A matrix: 4 x 4\n",
       "\\begin{tabular}{r|llll}\n",
       "  & Rent & AllRent & Cows & Pasture\\\\\n",
       "  & <dbl> & <dbl> & <chr> & <chr> & <dbl> & <dbl> & <chr> & <chr> & <dbl> & <dbl> & <chr> & <chr> & <dbl> & <dbl> & <chr> & <chr>\\\\\n",
       "\\hline\n",
       "\tstatistic & 0.9540613 & 0.9551989 & 0.9080142 & 0.8182695\\\\\n",
       "\tp.value & 0.01471229 & 0.01686195 & 0.0001148565 & 1.22909e-07\\\\\n",
       "\tmethod & Shapiro-Wilk normality test & Shapiro-Wilk normality test & Shapiro-Wilk normality test & Shapiro-Wilk normality test\\\\\n",
       "\tdata.name & X{[}{[}i{]}{]} & X{[}{[}i{]}{]} & X{[}{[}i{]}{]} & X{[}{[}i{]}{]}\\\\\n",
       "\\end{tabular}\n"
      ],
      "text/markdown": [
       "\n",
       "A matrix: 4 x 4\n",
       "\n",
       "| <!--/--> | Rent &lt;dbl&gt; | AllRent &lt;dbl&gt; | Cows &lt;chr&gt; | Pasture &lt;chr&gt; | Rent &lt;dbl&gt; | AllRent &lt;dbl&gt; | Cows &lt;chr&gt; | Pasture &lt;chr&gt; | Rent &lt;dbl&gt; | AllRent &lt;dbl&gt; | Cows &lt;chr&gt; | Pasture &lt;chr&gt; | Rent &lt;dbl&gt; | AllRent &lt;dbl&gt; | Cows &lt;chr&gt; | Pasture &lt;chr&gt; |\n",
       "|---|---|---|---|---|\n",
       "| statistic | 0.9540613 | 0.9551989 | 0.9080142 | 0.8182695 |\n",
       "| p.value | 0.01471229 | 0.01686195 | 0.0001148565 | 1.22909e-07 |\n",
       "| method | Shapiro-Wilk normality test | Shapiro-Wilk normality test | Shapiro-Wilk normality test | Shapiro-Wilk normality test |\n",
       "| data.name | X[[i]] | X[[i]] | X[[i]] | X[[i]] |\n",
       "\n"
      ],
      "text/plain": [
       "          Rent                        AllRent                    \n",
       "statistic 0.9540613                   0.9551989                  \n",
       "p.value   0.01471229                  0.01686195                 \n",
       "method    Shapiro-Wilk normality test Shapiro-Wilk normality test\n",
       "data.name X[[i]]                      X[[i]]                     \n",
       "          Cows                        Pasture                    \n",
       "statistic 0.9080142                   0.8182695                  \n",
       "p.value   0.0001148565                1.22909e-07                \n",
       "method    Shapiro-Wilk normality test Shapiro-Wilk normality test\n",
       "data.name X[[i]]                      X[[i]]                     "
      ]
     },
     "metadata": {},
     "output_type": "display_data"
    }
   ],
   "source": [
    "sapply(data, shapiro.test)"
   ]
  },
  {
   "cell_type": "markdown",
   "id": "6bbc6c3a-f151-445c-990a-545996db0803",
   "metadata": {},
   "source": [
    "H0: Từng biến đều tuân theo phân phối chuẩn 1-chiều  \n",
    "H1: Các biến không tuân theo phân phối chuẩn 1-chiều  \n",
    "Do p-value của các biến đều < 0.05 $\\Rightarrow$ Bác bỏ H0  \n",
    "Có cơ sở để nói các biến đều không tuân theo phân phối chuẩn 1-chiều  \n",
    "X không tuân theo phân phối chuẩn 4-chiều"
   ]
  },
  {
   "cell_type": "markdown",
   "id": "f97545a3-d246-4920-b9ff-b5b983c359b1",
   "metadata": {
    "tags": []
   },
   "source": [
    "(v) Vẽ biểu đồ thể hiện rõ vị trí tọa độ các điểm và các đường đồng mức tương ứng của\n",
    "vecto ngẫu nhiên 2−chiều gồm hai biến Rent và Cows."
   ]
  },
  {
   "cell_type": "code",
   "execution_count": 18,
   "id": "1c061aee-bb1d-449b-804a-aee335dbd21f",
   "metadata": {
    "tags": []
   },
   "outputs": [],
   "source": [
    "# install.packages(\"KernSmooth\")\n",
    "library(KernSmooth)"
   ]
  },
  {
   "cell_type": "code",
   "execution_count": 9,
   "id": "72c654a3-980b-4e24-af74-5fa771e09b65",
   "metadata": {
    "tags": []
   },
   "outputs": [
    {
     "data": {
      "text/html": [
       "<table class=\"dataframe\">\n",
       "<caption>A data.frame: 6 x 2</caption>\n",
       "<thead>\n",
       "\t<tr><th></th><th scope=col>Rent</th><th scope=col>Cows</th></tr>\n",
       "\t<tr><th></th><th scope=col>&lt;dbl&gt;</th><th scope=col>&lt;dbl&gt;</th></tr>\n",
       "</thead>\n",
       "<tbody>\n",
       "\t<tr><th scope=row>1</th><td>18.38</td><td>17.25</td></tr>\n",
       "\t<tr><th scope=row>2</th><td>20.00</td><td>18.51</td></tr>\n",
       "\t<tr><th scope=row>3</th><td>11.50</td><td>11.13</td></tr>\n",
       "\t<tr><th scope=row>4</th><td>25.00</td><td> 5.54</td></tr>\n",
       "\t<tr><th scope=row>5</th><td>52.50</td><td> 5.44</td></tr>\n",
       "\t<tr><th scope=row>6</th><td>82.50</td><td>20.37</td></tr>\n",
       "</tbody>\n",
       "</table>\n"
      ],
      "text/latex": [
       "A data.frame: 6 x 2\n",
       "\\begin{tabular}{r|ll}\n",
       "  & Rent & Cows\\\\\n",
       "  & <dbl> & <dbl>\\\\\n",
       "\\hline\n",
       "\t1 & 18.38 & 17.25\\\\\n",
       "\t2 & 20.00 & 18.51\\\\\n",
       "\t3 & 11.50 & 11.13\\\\\n",
       "\t4 & 25.00 &  5.54\\\\\n",
       "\t5 & 52.50 &  5.44\\\\\n",
       "\t6 & 82.50 & 20.37\\\\\n",
       "\\end{tabular}\n"
      ],
      "text/markdown": [
       "\n",
       "A data.frame: 6 x 2\n",
       "\n",
       "| <!--/--> | Rent &lt;dbl&gt; | Cows &lt;dbl&gt; |\n",
       "|---|---|---|\n",
       "| 1 | 18.38 | 17.25 |\n",
       "| 2 | 20.00 | 18.51 |\n",
       "| 3 | 11.50 | 11.13 |\n",
       "| 4 | 25.00 |  5.54 |\n",
       "| 5 | 52.50 |  5.44 |\n",
       "| 6 | 82.50 | 20.37 |\n",
       "\n"
      ],
      "text/plain": [
       "  Rent  Cows \n",
       "1 18.38 17.25\n",
       "2 20.00 18.51\n",
       "3 11.50 11.13\n",
       "4 25.00  5.54\n",
       "5 52.50  5.44\n",
       "6 82.50 20.37"
      ]
     },
     "metadata": {},
     "output_type": "display_data"
    }
   ],
   "source": [
    "data1 <- data[c('Rent', 'Cows')]\n",
    "head(data1)"
   ]
  },
  {
   "cell_type": "code",
   "execution_count": 10,
   "id": "85d8e3c7-9e70-4bbf-97f6-1e0da19c6cb3",
   "metadata": {
    "tags": []
   },
   "outputs": [
    {
     "data": {
