{
 "cells": [
  {
   "cell_type": "markdown",
   "id": "79c4d3b8-5428-490c-a210-84f3ba24c010",
   "metadata": {
    "tags": []
   },
   "source": [
    "# Tuần 4: Ôn tập"
   ]
  },
  {
   "cell_type": "markdown",
   "id": "2592b907-8ace-42c9-9a9e-dff24e636d17",
   "metadata": {
    "tags": []
   },
   "source": [
    "Cho bộ dữ liệu “Boston” gồm 506 quan sát của 14 biến liên quan đến giá nhà ở ngoại ô Boston trong gói lệnh MASS."
   ]
  },
  {
   "cell_type": "markdown",
   "id": "9e1f4938-6444-4bc9-b3a0-2e222809a4aa",
   "metadata": {
    "tags": []
   },
   "source": [
    "a. Tính kỳ vọng mẫu, ma trận hiệp phương sai và ma trận tương quan mẫu giữa 14 biến. Dựa vào kết quả thu được, hãy cho biết hai biến nào có mối tương quan chặt chẽ nhất."
   ]
  },
  {
   "cell_type": "code",
   "execution_count": 1,
   "id": "6080d829-36af-4887-b749-3e48ddc19e36",
   "metadata": {
    "tags": []
   },
   "outputs": [],
   "source": [
    "# install.packages(\"MASS\")\n",
    "library(MASS)"
   ]
  },
  {
   "cell_type": "code",
   "execution_count": 2,
   "id": "04fc4dc5-510f-44c0-8e47-9828d734232b",
   "metadata": {
    "tags": []
   },
   "outputs": [
    {
     "data": {
      "text/html": [
       "<table class=\"dataframe\">\n",
       "<caption>A data.frame: 6 x 14</caption>\n",
       "<thead>\n",
       "\t<tr><th></th><th scope=col>crim</th><th scope=col>zn</th><th scope=col>indus</th><th scope=col>chas</th><th scope=col>nox</th><th scope=col>rm</th><th scope=col>age</th><th scope=col>dis</th><th scope=col>rad</th><th scope=col>tax</th><th scope=col>ptratio</th><th scope=col>black</th><th scope=col>lstat</th><th scope=col>medv</th></tr>\n",
       "\t<tr><th></th><th scope=col>&lt;dbl&gt;</th><th scope=col>&lt;dbl&gt;</th><th scope=col>&lt;dbl&gt;</th><th scope=col>&lt;int&gt;</th><th scope=col>&lt;dbl&gt;</th><th scope=col>&lt;dbl&gt;</th><th scope=col>&lt;dbl&gt;</th><th scope=col>&lt;dbl&gt;</th><th scope=col>&lt;int&gt;</th><th scope=col>&lt;dbl&gt;</th><th scope=col>&lt;dbl&gt;</th><th scope=col>&lt;dbl&gt;</th><th scope=col>&lt;dbl&gt;</th><th scope=col>&lt;dbl&gt;</th></tr>\n",
       "</thead>\n",
       "<tbody>\n",
       "\t<tr><th scope=row>1</th><td>0.00632</td><td>18</td><td>2.31</td><td>0</td><td>0.538</td><td>6.575</td><td>65.2</td><td>4.0900</td><td>1</td><td>296</td><td>15.3</td><td>396.90</td><td>4.98</td><td>24.0</td></tr>\n",
       "\t<tr><th scope=row>2</th><td>0.02731</td><td> 0</td><td>7.07</td><td>0</td><td>0.469</td><td>6.421</td><td>78.9</td><td>4.9671</td><td>2</td><td>242</td><td>17.8</td><td>396.90</td><td>9.14</td><td>21.6</td></tr>\n",
       "\t<tr><th scope=row>3</th><td>0.02729</td><td> 0</td><td>7.07</td><td>0</td><td>0.469</td><td>7.185</td><td>61.1</td><td>4.9671</td><td>2</td><td>242</td><td>17.8</td><td>392.83</td><td>4.03</td><td>34.7</td></tr>\n",
       "\t<tr><th scope=row>4</th><td>0.03237</td><td> 0</td><td>2.18</td><td>0</td><td>0.458</td><td>6.998</td><td>45.8</td><td>6.0622</td><td>3</td><td>222</td><td>18.7</td><td>394.63</td><td>2.94</td><td>33.4</td></tr>\n",
       "\t<tr><th scope=row>5</th><td>0.06905</td><td> 0</td><td>2.18</td><td>0</td><td>0.458</td><td>7.147</td><td>54.2</td><td>6.0622</td><td>3</td><td>222</td><td>18.7</td><td>396.90</td><td>5.33</td><td>36.2</td></tr>\n",
       "\t<tr><th scope=row>6</th><td>0.02985</td><td> 0</td><td>2.18</td><td>0</td><td>0.458</td><td>6.430</td><td>58.7</td><td>6.0622</td><td>3</td><td>222</td><td>18.7</td><td>394.12</td><td>5.21</td><td>28.7</td></tr>\n",
       "</tbody>\n",
       "</table>\n"
      ],
      "text/latex": [
       "A data.frame: 6 x 14\n",
       "\\begin{tabular}{r|llllllllllllll}\n",
       "  & crim & zn & indus & chas & nox & rm & age & dis & rad & tax & ptratio & black & lstat & medv\\\\\n",
       "  & <dbl> & <dbl> & <dbl> & <int> & <dbl> & <dbl> & <dbl> & <dbl> & <int> & <dbl> & <dbl> & <dbl> & <dbl> & <dbl>\\\\\n",
       "\\hline\n",
       "\t1 & 0.00632 & 18 & 2.31 & 0 & 0.538 & 6.575 & 65.2 & 4.0900 & 1 & 296 & 15.3 & 396.90 & 4.98 & 24.0\\\\\n",
       "\t2 & 0.02731 &  0 & 7.07 & 0 & 0.469 & 6.421 & 78.9 & 4.9671 & 2 & 242 & 17.8 & 396.90 & 9.14 & 21.6\\\\\n",
       "\t3 & 0.02729 &  0 & 7.07 & 0 & 0.469 & 7.185 & 61.1 & 4.9671 & 2 & 242 & 17.8 & 392.83 & 4.03 & 34.7\\\\\n",
       "\t4 & 0.03237 &  0 & 2.18 & 0 & 0.458 & 6.998 & 45.8 & 6.0622 & 3 & 222 & 18.7 & 394.63 & 2.94 & 33.4\\\\\n",
       "\t5 & 0.06905 &  0 & 2.18 & 0 & 0.458 & 7.147 & 54.2 & 6.0622 & 3 & 222 & 18.7 & 396.90 & 5.33 & 36.2\\\\\n",
       "\t6 & 0.02985 &  0 & 2.18 & 0 & 0.458 & 6.430 & 58.7 & 6.0622 & 3 & 222 & 18.7 & 394.12 & 5.21 & 28.7\\\\\n",
       "\\end{tabular}\n"
      ],
      "text/markdown": [
       "\n",
       "A data.frame: 6 x 14\n",
       "\n",
       "| <!--/--> | crim &lt;dbl&gt; | zn &lt;dbl&gt; | indus &lt;dbl&gt; | chas &lt;int&gt; | nox &lt;dbl&gt; | rm &lt;dbl&gt; | age &lt;dbl&gt; | dis &lt;dbl&gt; | rad &lt;int&gt; | tax &lt;dbl&gt; | ptratio &lt;dbl&gt; | black &lt;dbl&gt; | lstat &lt;dbl&gt; | medv &lt;dbl&gt; |\n",
       "|---|---|---|---|---|---|---|---|---|---|---|---|---|---|---|\n",
       "| 1 | 0.00632 | 18 | 2.31 | 0 | 0.538 | 6.575 | 65.2 | 4.0900 | 1 | 296 | 15.3 | 396.90 | 4.98 | 24.0 |\n",
       "| 2 | 0.02731 |  0 | 7.07 | 0 | 0.469 | 6.421 | 78.9 | 4.9671 | 2 | 242 | 17.8 | 396.90 | 9.14 | 21.6 |\n",
       "| 3 | 0.02729 |  0 | 7.07 | 0 | 0.469 | 7.185 | 61.1 | 4.9671 | 2 | 242 | 17.8 | 392.83 | 4.03 | 34.7 |\n",
       "| 4 | 0.03237 |  0 | 2.18 | 0 | 0.458 | 6.998 | 45.8 | 6.0622 | 3 | 222 | 18.7 | 394.63 | 2.94 | 33.4 |\n",
       "| 5 | 0.06905 |  0 | 2.18 | 0 | 0.458 | 7.147 | 54.2 | 6.0622 | 3 | 222 | 18.7 | 396.90 | 5.33 | 36.2 |\n",
       "| 6 | 0.02985 |  0 | 2.18 | 0 | 0.458 | 6.430 | 58.7 | 6.0622 | 3 | 222 | 18.7 | 394.12 | 5.21 | 28.7 |\n",
       "\n"
      ],
      "text/plain": [
       "  crim    zn indus chas nox   rm    age  dis    rad tax ptratio black  lstat\n",
       "1 0.00632 18 2.31  0    0.538 6.575 65.2 4.0900 1   296 15.3    396.90 4.98 \n",
       "2 0.02731  0 7.07  0    0.469 6.421 78.9 4.9671 2   242 17.8    396.90 9.14 \n",
       "3 0.02729  0 7.07  0    0.469 7.185 61.1 4.9671 2   242 17.8    392.83 4.03 \n",
       "4 0.03237  0 2.18  0    0.458 6.998 45.8 6.0622 3   222 18.7    394.63 2.94 \n",
       "5 0.06905  0 2.18  0    0.458 7.147 54.2 6.0622 3   222 18.7    396.90 5.33 \n",
       "6 0.02985  0 2.18  0    0.458 6.430 58.7 6.0622 3   222 18.7    394.12 5.21 \n",
       "  medv\n",
       "1 24.0\n",
       "2 21.6\n",
       "3 34.7\n",
       "4 33.4\n",
       "5 36.2\n",
       "6 28.7"
      ]
     },
     "metadata": {},
     "output_type": "display_data"
    }
   ],
   "source": [
    "data <- Boston\n",
    "head(data)"
   ]
  },
  {
   "cell_type": "code",
   "execution_count": 3,
   "id": "007f9af1-c740-44ee-9b7a-8e828f714d72",
   "metadata": {
    "tags": []
   },
   "outputs": [
    {
     "data": {
      "text/html": [
       "<style>\n",
       ".dl-inline {width: auto; margin:0; padding: 0}\n",
       ".dl-inline>dt, .dl-inline>dd {float: none; width: auto; display: inline-block}\n",
       ".dl-inline>dt::after {content: \":\\0020\"; padding-right: .5ex}\n",
       ".dl-inline>dt:not(:first-of-type) {padding-left: .5ex}\n",
       "</style><dl class=dl-inline><dt>crim</dt><dd>3.61352355731225</dd><dt>zn</dt><dd>11.3636363636364</dd><dt>indus</dt><dd>11.1367786561265</dd><dt>chas</dt><dd>0.0691699604743083</dd><dt>nox</dt><dd>0.554695059288538</dd><dt>rm</dt><dd>6.28463438735178</dd><dt>age</dt><dd>68.5749011857708</dd><dt>dis</dt><dd>3.79504268774704</dd><dt>rad</dt><dd>9.54940711462451</dd><dt>tax</dt><dd>408.237154150198</dd><dt>ptratio</dt><dd>18.4555335968379</dd><dt>black</dt><dd>356.674031620553</dd><dt>lstat</dt><dd>12.6530632411067</dd><dt>medv</dt><dd>22.5328063241107</dd></dl>\n"
      ],
      "text/latex": [
       "\\begin{description*}\n",
       "\\item[crim] 3.61352355731225\n",
       "\\item[zn] 11.3636363636364\n",
       "\\item[indus] 11.1367786561265\n",
       "\\item[chas] 0.0691699604743083\n",
       "\\item[nox] 0.554695059288538\n",
       "\\item[rm] 6.28463438735178\n",
       "\\item[age] 68.5749011857708\n",
       "\\item[dis] 3.79504268774704\n",
       "\\item[rad] 9.54940711462451\n",
       "\\item[tax] 408.237154150198\n",
       "\\item[ptratio] 18.4555335968379\n",
       "\\item[black] 356.674031620553\n",
       "\\item[lstat] 12.6530632411067\n",
       "\\item[medv] 22.5328063241107\n",
       "\\end{description*}\n"
      ],
      "text/markdown": [
       "crim\n",
       ":   3.61352355731225zn\n",
       ":   11.3636363636364indus\n",
       ":   11.1367786561265chas\n",
       ":   0.0691699604743083nox\n",
       ":   0.554695059288538rm\n",
       ":   6.28463438735178age\n",
       ":   68.5749011857708dis\n",
       ":   3.79504268774704rad\n",
       ":   9.54940711462451tax\n",
       ":   408.237154150198ptratio\n",
       ":   18.4555335968379black\n",
       ":   356.674031620553lstat\n",
       ":   12.6530632411067medv\n",
       ":   22.5328063241107\n",
       "\n"
      ],
      "text/plain": [
       "        crim           zn        indus         chas          nox           rm \n",
       "  3.61352356  11.36363636  11.13677866   0.06916996   0.55469506   6.28463439 \n",
       "         age          dis          rad          tax      ptratio        black \n",
       " 68.57490119   3.79504269   9.54940711 408.23715415  18.45553360 356.67403162 \n",
       "       lstat         medv \n",
       " 12.65306324  22.53280632 "
      ]
     },
     "metadata": {},
     "output_type": "display_data"
    }
   ],
   "source": [
    "colMeans(data)"
   ]
  },
  {
   "cell_type": "code",
   "execution_count": 4,
   "id": "b4b2a41f-db1e-45fb-b451-31ececb10c67",
   "metadata": {
    "tags": []
   },
   "outputs": [
    {
     "data": {
      "text/html": [
       "<table class=\"dataframe\">\n",
       "<caption>A matrix: 14 x 14 of type dbl</caption>\n",
       "<thead>\n",
       "\t<tr><th></th><th scope=col>crim</th><th scope=col>zn</th><th scope=col>indus</th><th scope=col>chas</th><th scope=col>nox</th><th scope=col>rm</th><th scope=col>age</th><th scope=col>dis</th><th scope=col>rad</th><th scope=col>tax</th><th scope=col>ptratio</th><th scope=col>black</th><th scope=col>lstat</th><th scope=col>medv</th></tr>\n",
       "</thead>\n",
       "<tbody>\n",
       "\t<tr><th scope=row>crim</th><td>  73.9865782</td><td>  -40.2159560</td><td>  23.9923388</td><td>-0.122108643</td><td> 0.419593894</td><td> -1.32503785</td><td>  85.4053223</td><td>  -6.87672154</td><td>  46.84776101</td><td>  844.821538</td><td>  5.39933079</td><td> -302.381816</td><td>  27.98616788</td><td> -30.7185080</td></tr>\n",
       "\t<tr><th scope=row>zn</th><td> -40.2159560</td><td>  543.9368137</td><td> -85.4126481</td><td>-0.252925293</td><td>-1.396148200</td><td>  5.11251341</td><td>-373.9015482</td><td>  32.62930405</td><td> -63.34869487</td><td>-1236.453735</td><td>-19.77657066</td><td>  373.721402</td><td> -68.78303690</td><td>  77.3151755</td></tr>\n",
       "\t<tr><th scope=row>indus</th><td>  23.9923388</td><td>  -85.4126481</td><td>  47.0644425</td><td> 0.109668806</td><td> 0.607073693</td><td> -1.88795657</td><td> 124.5139031</td><td> -10.22809746</td><td>  35.54997135</td><td>  833.360290</td><td>  5.69210400</td><td> -223.579756</td><td>  29.58027028</td><td> -30.5208228</td></tr>\n",
       "\t<tr><th scope=row>chas</th><td>  -0.1221086</td><td>   -0.2529253</td><td>   0.1096688</td><td> 0.064512973</td><td> 0.002684303</td><td>  0.01628475</td><td>   0.6185712</td><td>  -0.05304296</td><td>  -0.01629554</td><td>   -1.523367</td><td> -0.06681916</td><td>    1.131325</td><td>  -0.09781626</td><td>   0.4094095</td></tr>\n",
       "\t<tr><th scope=row>nox</th><td>   0.4195939</td><td>   -1.3961482</td><td>   0.6070737</td><td> 0.002684303</td><td> 0.013427636</td><td> -0.02460345</td><td>   2.3859272</td><td>  -0.18769584</td><td>   0.61692945</td><td>   13.046286</td><td>  0.04739732</td><td>   -4.020570</td><td>   0.48894617</td><td>  -0.4554124</td></tr>\n",
       "\t<tr><th scope=row>rm</th><td>  -1.3250378</td><td>    5.1125134</td><td>  -1.8879566</td><td> 0.016284745</td><td>-0.024603450</td><td>  0.49367085</td><td>  -4.7519292</td><td>   0.30366342</td><td>  -1.28381457</td><td>  -34.583448</td><td> -0.54076322</td><td>    8.215006</td><td>  -3.07974141</td><td>   4.4934459</td></tr>\n",
       "\t<tr><th scope=row>age</th><td>  85.4053223</td><td> -373.9015482</td><td> 124.5139031</td><td> 0.618571205</td><td> 2.385927202</td><td> -4.75192919</td><td> 792.3583985</td><td> -44.32937946</td><td> 111.77084648</td><td> 2402.690122</td><td> 15.93692134</td><td> -702.940328</td><td> 121.07772456</td><td> -97.5890166</td></tr>\n",
       "\t<tr><th scope=row>dis</th><td>  -6.8767215</td><td>   32.6293041</td><td> -10.2280975</td><td>-0.053042959</td><td>-0.187695836</td><td>  0.30366342</td><td> -44.3293795</td><td>   4.43401514</td><td>  -9.06825201</td><td> -189.664592</td><td> -1.05977455</td><td>   56.040356</td><td>  -7.47332906</td><td>   4.8402286</td></tr>\n",
       "\t<tr><th scope=row>rad</th><td>  46.8477610</td><td>  -63.3486949</td><td>  35.5499714</td><td>-0.016295543</td><td> 0.616929453</td><td> -1.28381457</td><td> 111.7708465</td><td>  -9.06825201</td><td>  75.81636598</td><td> 1335.756577</td><td>  8.76071616</td><td> -353.276219</td><td>  30.38544241</td><td> -30.5612280</td></tr>\n",
       "\t<tr><th scope=row>tax</th><td> 844.8215381</td><td>-1236.4537354</td><td> 833.3602902</td><td>-1.523367119</td><td>13.046285530</td><td>-34.58344778</td><td>2402.6901225</td><td>-189.66459173</td><td>1335.75657653</td><td>28404.759488</td><td>168.15314053</td><td>-6797.911215</td><td> 654.71451963</td><td>-726.2557164</td></tr>\n",
       "\t<tr><th scope=row>ptratio</th><td>   5.3993308</td><td>  -19.7765707</td><td>   5.6921040</td><td>-0.066819160</td><td> 0.047397324</td><td> -0.54076322</td><td>  15.9369213</td><td>  -1.05977455</td><td>   8.76071616</td><td>  168.153141</td><td>  4.68698912</td><td>  -35.059527</td><td>   5.78272856</td><td> -10.1106571</td></tr>\n",
       "\t<tr><th scope=row>black</th><td>-302.3818163</td><td>  373.7214023</td><td>-223.5797555</td><td> 1.131324541</td><td>-4.020569639</td><td>  8.21500573</td><td>-702.9403283</td><td>  56.04035576</td><td>-353.27621939</td><td>-6797.911215</td><td>-35.05952730</td><td> 8334.752263</td><td>-238.66751554</td><td> 279.9898338</td></tr>\n",
       "\t<tr><th scope=row>lstat</th><td>  27.9861679</td><td>  -68.7830369</td><td>  29.5802703</td><td>-0.097816264</td><td> 0.488946168</td><td> -3.07974141</td><td> 121.0777246</td><td>  -7.47332906</td><td>  30.38544241</td><td>  654.714520</td><td>  5.78272856</td><td> -238.667516</td><td>  50.99475951</td><td> -48.4475383</td></tr>\n",
       "\t<tr><th scope=row>medv</th><td> -30.7185080</td><td>   77.3151755</td><td> -30.5208228</td><td> 0.409409463</td><td>-0.455412432</td><td>  4.49344588</td><td> -97.5890166</td><td>   4.84022864</td><td> -30.56122804</td><td> -726.255716</td><td>-10.11065714</td><td>  279.989834</td><td> -48.44753832</td><td>  84.5867236</td></tr>\n",
       "</tbody>\n",
       "</table>\n"
      ],
      "text/latex": [
       "A matrix: 14 x 14 of type dbl\n",
       "\\begin{tabular}{r|llllllllllllll}\n",
       "  & crim & zn & indus & chas & nox & rm & age & dis & rad & tax & ptratio & black & lstat & medv\\\\\n",
       "\\hline\n",
       "\tcrim &   73.9865782 &   -40.2159560 &   23.9923388 & -0.122108643 &  0.419593894 &  -1.32503785 &   85.4053223 &   -6.87672154 &   46.84776101 &   844.821538 &   5.39933079 &  -302.381816 &   27.98616788 &  -30.7185080\\\\\n",
       "\tzn &  -40.2159560 &   543.9368137 &  -85.4126481 & -0.252925293 & -1.396148200 &   5.11251341 & -373.9015482 &   32.62930405 &  -63.34869487 & -1236.453735 & -19.77657066 &   373.721402 &  -68.78303690 &   77.3151755\\\\\n",
       "\tindus &   23.9923388 &   -85.4126481 &   47.0644425 &  0.109668806 &  0.607073693 &  -1.88795657 &  124.5139031 &  -10.22809746 &   35.54997135 &   833.360290 &   5.69210400 &  -223.579756 &   29.58027028 &  -30.5208228\\\\\n",
       "\tchas &   -0.1221086 &    -0.2529253 &    0.1096688 &  0.064512973 &  0.002684303 &   0.01628475 &    0.6185712 &   -0.05304296 &   -0.01629554 &    -1.523367 &  -0.06681916 &     1.131325 &   -0.09781626 &    0.4094095\\\\\n",
       "\tnox &    0.4195939 &    -1.3961482 &    0.6070737 &  0.002684303 &  0.013427636 &  -0.02460345 &    2.3859272 &   -0.18769584 &    0.61692945 &    13.046286 &   0.04739732 &    -4.020570 &    0.48894617 &   -0.4554124\\\\\n",
       "\trm &   -1.3250378 &     5.1125134 &   -1.8879566 &  0.016284745 & -0.024603450 &   0.49367085 &   -4.7519292 &    0.30366342 &   -1.28381457 &   -34.583448 &  -0.54076322 &     8.215006 &   -3.07974141 &    4.4934459\\\\\n",
       "\tage &   85.4053223 &  -373.9015482 &  124.5139031 &  0.618571205 &  2.385927202 &  -4.75192919 &  792.3583985 &  -44.32937946 &  111.77084648 &  2402.690122 &  15.93692134 &  -702.940328 &  121.07772456 &  -97.5890166\\\\\n",
       "\tdis &   -6.8767215 &    32.6293041 &  -10.2280975 & -0.053042959 & -0.187695836 &   0.30366342 &  -44.3293795 &    4.43401514 &   -9.06825201 &  -189.664592 &  -1.05977455 &    56.040356 &   -7.47332906 &    4.8402286\\\\\n",
       "\trad &   46.8477610 &   -63.3486949 &   35.5499714 & -0.016295543 &  0.616929453 &  -1.28381457 &  111.7708465 &   -9.06825201 &   75.81636598 &  1335.756577 &   8.76071616 &  -353.276219 &   30.38544241 &  -30.5612280\\\\\n",
       "\ttax &  844.8215381 & -1236.4537354 &  833.3602902 & -1.523367119 & 13.046285530 & -34.58344778 & 2402.6901225 & -189.66459173 & 1335.75657653 & 28404.759488 & 168.15314053 & -6797.911215 &  654.71451963 & -726.2557164\\\\\n",
       "\tptratio &    5.3993308 &   -19.7765707 &    5.6921040 & -0.066819160 &  0.047397324 &  -0.54076322 &   15.9369213 &   -1.05977455 &    8.76071616 &   168.153141 &   4.68698912 &   -35.059527 &    5.78272856 &  -10.1106571\\\\\n",
       "\tblack & -302.3818163 &   373.7214023 & -223.5797555 &  1.131324541 & -4.020569639 &   8.21500573 & -702.9403283 &   56.04035576 & -353.27621939 & -6797.911215 & -35.05952730 &  8334.752263 & -238.66751554 &  279.9898338\\\\\n",
       "\tlstat &   27.9861679 &   -68.7830369 &   29.5802703 & -0.097816264 &  0.488946168 &  -3.07974141 &  121.0777246 &   -7.47332906 &   30.38544241 &   654.714520 &   5.78272856 &  -238.667516 &   50.99475951 &  -48.4475383\\\\\n",
       "\tmedv &  -30.7185080 &    77.3151755 &  -30.5208228 &  0.409409463 & -0.455412432 &   4.49344588 &  -97.5890166 &    4.84022864 &  -30.56122804 &  -726.255716 & -10.11065714 &   279.989834 &  -48.44753832 &   84.5867236\\\\\n",
       "\\end{tabular}\n"
      ],
      "text/markdown": [
       "\n",
       "A matrix: 14 x 14 of type dbl\n",
       "\n",
       "| <!--/--> | crim | zn | indus | chas | nox | rm | age | dis | rad | tax | ptratio | black | lstat | medv |\n",
       "|---|---|---|---|---|---|---|---|---|---|---|---|---|---|---|\n",
       "| crim |   73.9865782 |   -40.2159560 |   23.9923388 | -0.122108643 |  0.419593894 |  -1.32503785 |   85.4053223 |   -6.87672154 |   46.84776101 |   844.821538 |   5.39933079 |  -302.381816 |   27.98616788 |  -30.7185080 |\n",
       "| zn |  -40.2159560 |   543.9368137 |  -85.4126481 | -0.252925293 | -1.396148200 |   5.11251341 | -373.9015482 |   32.62930405 |  -63.34869487 | -1236.453735 | -19.77657066 |   373.721402 |  -68.78303690 |   77.3151755 |\n",
       "| indus |   23.9923388 |   -85.4126481 |   47.0644425 |  0.109668806 |  0.607073693 |  -1.88795657 |  124.5139031 |  -10.22809746 |   35.54997135 |   833.360290 |   5.69210400 |  -223.579756 |   29.58027028 |  -30.5208228 |\n",
       "| chas |   -0.1221086 |    -0.2529253 |    0.1096688 |  0.064512973 |  0.002684303 |   0.01628475 |    0.6185712 |   -0.05304296 |   -0.01629554 |    -1.523367 |  -0.06681916 |     1.131325 |   -0.09781626 |    0.4094095 |\n",
       "| nox |    0.4195939 |    -1.3961482 |    0.6070737 |  0.002684303 |  0.013427636 |  -0.02460345 |    2.3859272 |   -0.18769584 |    0.61692945 |    13.046286 |   0.04739732 |    -4.020570 |    0.48894617 |   -0.4554124 |\n",
       "| rm |   -1.3250378 |     5.1125134 |   -1.8879566 |  0.016284745 | -0.024603450 |   0.49367085 |   -4.7519292 |    0.30366342 |   -1.28381457 |   -34.583448 |  -0.54076322 |     8.215006 |   -3.07974141 |    4.4934459 |\n",
       "| age |   85.4053223 |  -373.9015482 |  124.5139031 |  0.618571205 |  2.385927202 |  -4.75192919 |  792.3583985 |  -44.32937946 |  111.77084648 |  2402.690122 |  15.93692134 |  -702.940328 |  121.07772456 |  -97.5890166 |\n",
       "| dis |   -6.8767215 |    32.6293041 |  -10.2280975 | -0.053042959 | -0.187695836 |   0.30366342 |  -44.3293795 |    4.43401514 |   -9.06825201 |  -189.664592 |  -1.05977455 |    56.040356 |   -7.47332906 |    4.8402286 |\n",
       "| rad |   46.8477610 |   -63.3486949 |   35.5499714 | -0.016295543 |  0.616929453 |  -1.28381457 |  111.7708465 |   -9.06825201 |   75.81636598 |  1335.756577 |   8.76071616 |  -353.276219 |   30.38544241 |  -30.5612280 |\n",
       "| tax |  844.8215381 | -1236.4537354 |  833.3602902 | -1.523367119 | 13.046285530 | -34.58344778 | 2402.6901225 | -189.66459173 | 1335.75657653 | 28404.759488 | 168.15314053 | -6797.911215 |  654.71451963 | -726.2557164 |\n",
       "| ptratio |    5.3993308 |   -19.7765707 |    5.6921040 | -0.066819160 |  0.047397324 |  -0.54076322 |   15.9369213 |   -1.05977455 |    8.76071616 |   168.153141 |   4.68698912 |   -35.059527 |    5.78272856 |  -10.1106571 |\n",
       "| black | -302.3818163 |   373.7214023 | -223.5797555 |  1.131324541 | -4.020569639 |   8.21500573 | -702.9403283 |   56.04035576 | -353.27621939 | -6797.911215 | -35.05952730 |  8334.752263 | -238.66751554 |  279.9898338 |\n",
       "| lstat |   27.9861679 |   -68.7830369 |   29.5802703 | -0.097816264 |  0.488946168 |  -3.07974141 |  121.0777246 |   -7.47332906 |   30.38544241 |   654.714520 |   5.78272856 |  -238.667516 |   50.99475951 |  -48.4475383 |\n",
       "| medv |  -30.7185080 |    77.3151755 |  -30.5208228 |  0.409409463 | -0.455412432 |   4.49344588 |  -97.5890166 |    4.84022864 |  -30.56122804 |  -726.255716 | -10.11065714 |   279.989834 |  -48.44753832 |   84.5867236 |\n",
       "\n"
      ],
      "text/plain": [
       "        crim         zn            indus        chas         nox         \n",
       "crim      73.9865782   -40.2159560   23.9923388 -0.122108643  0.419593894\n",
       "zn       -40.2159560   543.9368137  -85.4126481 -0.252925293 -1.396148200\n",
       "indus     23.9923388   -85.4126481   47.0644425  0.109668806  0.607073693\n",
       "chas      -0.1221086    -0.2529253    0.1096688  0.064512973  0.002684303\n",
       "nox        0.4195939    -1.3961482    0.6070737  0.002684303  0.013427636\n",
       "rm        -1.3250378     5.1125134   -1.8879566  0.016284745 -0.024603450\n",
       "age       85.4053223  -373.9015482  124.5139031  0.618571205  2.385927202\n",
       "dis       -6.8767215    32.6293041  -10.2280975 -0.053042959 -0.187695836\n",
       "rad       46.8477610   -63.3486949   35.5499714 -0.016295543  0.616929453\n",
       "tax      844.8215381 -1236.4537354  833.3602902 -1.523367119 13.046285530\n",
       "ptratio    5.3993308   -19.7765707    5.6921040 -0.066819160  0.047397324\n",
       "black   -302.3818163   373.7214023 -223.5797555  1.131324541 -4.020569639\n",
       "lstat     27.9861679   -68.7830369   29.5802703 -0.097816264  0.488946168\n",
       "medv     -30.7185080    77.3151755  -30.5208228  0.409409463 -0.455412432\n",
       "        rm           age          dis           rad           tax         \n",
       "crim     -1.32503785   85.4053223   -6.87672154   46.84776101   844.821538\n",
       "zn        5.11251341 -373.9015482   32.62930405  -63.34869487 -1236.453735\n",
       "indus    -1.88795657  124.5139031  -10.22809746   35.54997135   833.360290\n",
       "chas      0.01628475    0.6185712   -0.05304296   -0.01629554    -1.523367\n",
       "nox      -0.02460345    2.3859272   -0.18769584    0.61692945    13.046286\n",
       "rm        0.49367085   -4.7519292    0.30366342   -1.28381457   -34.583448\n",
       "age      -4.75192919  792.3583985  -44.32937946  111.77084648  2402.690122\n",
       "dis       0.30366342  -44.3293795    4.43401514   -9.06825201  -189.664592\n",
       "rad      -1.28381457  111.7708465   -9.06825201   75.81636598  1335.756577\n",
       "tax     -34.58344778 2402.6901225 -189.66459173 1335.75657653 28404.759488\n",
       "ptratio  -0.54076322   15.9369213   -1.05977455    8.76071616   168.153141\n",
       "black     8.21500573 -702.9403283   56.04035576 -353.27621939 -6797.911215\n",
       "lstat    -3.07974141  121.0777246   -7.47332906   30.38544241   654.714520\n",
       "medv      4.49344588  -97.5890166    4.84022864  -30.56122804  -726.255716\n",
       "        ptratio      black        lstat         medv        \n",
       "crim      5.39933079  -302.381816   27.98616788  -30.7185080\n",
       "zn      -19.77657066   373.721402  -68.78303690   77.3151755\n",
       "indus     5.69210400  -223.579756   29.58027028  -30.5208228\n",
       "chas     -0.06681916     1.131325   -0.09781626    0.4094095\n",
       "nox       0.04739732    -4.020570    0.48894617   -0.4554124\n",
       "rm       -0.54076322     8.215006   -3.07974141    4.4934459\n",
       "age      15.93692134  -702.940328  121.07772456  -97.5890166\n",
       "dis      -1.05977455    56.040356   -7.47332906    4.8402286\n",
       "rad       8.76071616  -353.276219   30.38544241  -30.5612280\n",
       "tax     168.15314053 -6797.911215  654.71451963 -726.2557164\n",
       "ptratio   4.68698912   -35.059527    5.78272856  -10.1106571\n",
       "black   -35.05952730  8334.752263 -238.66751554  279.9898338\n",
       "lstat     5.78272856  -238.667516   50.99475951  -48.4475383\n",
       "medv    -10.11065714   279.989834  -48.44753832   84.5867236"
      ]
     },
     "metadata": {},
     "output_type": "display_data"
    }
   ],
   "source": [
    "cov(data)"
   ]
  },
  {
   "cell_type": "code",
   "execution_count": 5,
   "id": "27dd5ea6-57b6-4afd-b68f-24c9a50f1511",
   "metadata": {
    "tags": []
   },
   "outputs": [
    {
     "data": {
      "text/html": [
       "<table class=\"dataframe\">\n",
       "<caption>A matrix: 14 x 14 of type dbl</caption>\n",
       "<thead>\n",
       "\t<tr><th></th><th scope=col>crim</th><th scope=col>zn</th><th scope=col>indus</th><th scope=col>chas</th><th scope=col>nox</th><th scope=col>rm</th><th scope=col>age</th><th scope=col>dis</th><th scope=col>rad</th><th scope=col>tax</th><th scope=col>ptratio</th><th scope=col>black</th><th scope=col>lstat</th><th scope=col>medv</th></tr>\n",
       "</thead>\n",
       "<tbody>\n",
       "\t<tr><th scope=row>crim</th><td> 1.00000000</td><td>-0.20046922</td><td> 0.40658341</td><td>-0.055891582</td><td> 0.42097171</td><td>-0.21924670</td><td> 0.35273425</td><td>-0.37967009</td><td> 0.625505145</td><td> 0.58276431</td><td> 0.2899456</td><td>-0.38506394</td><td> 0.4556215</td><td>-0.3883046</td></tr>\n",
       "\t<tr><th scope=row>zn</th><td>-0.20046922</td><td> 1.00000000</td><td>-0.53382819</td><td>-0.042696719</td><td>-0.51660371</td><td> 0.31199059</td><td>-0.56953734</td><td> 0.66440822</td><td>-0.311947826</td><td>-0.31456332</td><td>-0.3916785</td><td> 0.17552032</td><td>-0.4129946</td><td> 0.3604453</td></tr>\n",
       "\t<tr><th scope=row>indus</th><td> 0.40658341</td><td>-0.53382819</td><td> 1.00000000</td><td> 0.062938027</td><td> 0.76365145</td><td>-0.39167585</td><td> 0.64477851</td><td>-0.70802699</td><td> 0.595129275</td><td> 0.72076018</td><td> 0.3832476</td><td>-0.35697654</td><td> 0.6037997</td><td>-0.4837252</td></tr>\n",
       "\t<tr><th scope=row>chas</th><td>-0.05589158</td><td>-0.04269672</td><td> 0.06293803</td><td> 1.000000000</td><td> 0.09120281</td><td> 0.09125123</td><td> 0.08651777</td><td>-0.09917578</td><td>-0.007368241</td><td>-0.03558652</td><td>-0.1215152</td><td> 0.04878848</td><td>-0.0539293</td><td> 0.1752602</td></tr>\n",
       "\t<tr><th scope=row>nox</th><td> 0.42097171</td><td>-0.51660371</td><td> 0.76365145</td><td> 0.091202807</td><td> 1.00000000</td><td>-0.30218819</td><td> 0.73147010</td><td>-0.76923011</td><td> 0.611440563</td><td> 0.66802320</td><td> 0.1889327</td><td>-0.38005064</td><td> 0.5908789</td><td>-0.4273208</td></tr>\n",
       "\t<tr><th scope=row>rm</th><td>-0.21924670</td><td> 0.31199059</td><td>-0.39167585</td><td> 0.091251225</td><td>-0.30218819</td><td> 1.00000000</td><td>-0.24026493</td><td> 0.20524621</td><td>-0.209846668</td><td>-0.29204783</td><td>-0.3555015</td><td> 0.12806864</td><td>-0.6138083</td><td> 0.6953599</td></tr>\n",
       "\t<tr><th scope=row>age</th><td> 0.35273425</td><td>-0.56953734</td><td> 0.64477851</td><td> 0.086517774</td><td> 0.73147010</td><td>-0.24026493</td><td> 1.00000000</td><td>-0.74788054</td><td> 0.456022452</td><td> 0.50645559</td><td> 0.2615150</td><td>-0.27353398</td><td> 0.6023385</td><td>-0.3769546</td></tr>\n",
       "\t<tr><th scope=row>dis</th><td>-0.37967009</td><td> 0.66440822</td><td>-0.70802699</td><td>-0.099175780</td><td>-0.76923011</td><td> 0.20524621</td><td>-0.74788054</td><td> 1.00000000</td><td>-0.494587930</td><td>-0.53443158</td><td>-0.2324705</td><td> 0.29151167</td><td>-0.4969958</td><td> 0.2499287</td></tr>\n",
       "\t<tr><th scope=row>rad</th><td> 0.62550515</td><td>-0.31194783</td><td> 0.59512927</td><td>-0.007368241</td><td> 0.61144056</td><td>-0.20984667</td><td> 0.45602245</td><td>-0.49458793</td><td> 1.000000000</td><td> 0.91022819</td><td> 0.4647412</td><td>-0.44441282</td><td> 0.4886763</td><td>-0.3816262</td></tr>\n",
       "\t<tr><th scope=row>tax</th><td> 0.58276431</td><td>-0.31456332</td><td> 0.72076018</td><td>-0.035586518</td><td> 0.66802320</td><td>-0.29204783</td><td> 0.50645559</td><td>-0.53443158</td><td> 0.910228189</td><td> 1.00000000</td><td> 0.4608530</td><td>-0.44180801</td><td> 0.5439934</td><td>-0.4685359</td></tr>\n",
       "\t<tr><th scope=row>ptratio</th><td> 0.28994558</td><td>-0.39167855</td><td> 0.38324756</td><td>-0.121515174</td><td> 0.18893268</td><td>-0.35550149</td><td> 0.26151501</td><td>-0.23247054</td><td> 0.464741179</td><td> 0.46085304</td><td> 1.0000000</td><td>-0.17738330</td><td> 0.3740443</td><td>-0.5077867</td></tr>\n",
       "\t<tr><th scope=row>black</th><td>-0.38506394</td><td> 0.17552032</td><td>-0.35697654</td><td> 0.048788485</td><td>-0.38005064</td><td> 0.12806864</td><td>-0.27353398</td><td> 0.29151167</td><td>-0.444412816</td><td>-0.44180801</td><td>-0.1773833</td><td> 1.00000000</td><td>-0.3660869</td><td> 0.3334608</td></tr>\n",
       "\t<tr><th scope=row>lstat</th><td> 0.45562148</td><td>-0.41299457</td><td> 0.60379972</td><td>-0.053929298</td><td> 0.59087892</td><td>-0.61380827</td><td> 0.60233853</td><td>-0.49699583</td><td> 0.488676335</td><td> 0.54399341</td><td> 0.3740443</td><td>-0.36608690</td><td> 1.0000000</td><td>-0.7376627</td></tr>\n",
       "\t<tr><th scope=row>medv</th><td>-0.38830461</td><td> 0.36044534</td><td>-0.48372516</td><td> 0.175260177</td><td>-0.42732077</td><td> 0.69535995</td><td>-0.37695457</td><td> 0.24992873</td><td>-0.381626231</td><td>-0.46853593</td><td>-0.5077867</td><td> 0.33346082</td><td>-0.7376627</td><td> 1.0000000</td></tr>\n",
       "</tbody>\n",
       "</table>\n"
      ],
      "text/latex": [
       "A matrix: 14 x 14 of type dbl\n",
       "\\begin{tabular}{r|llllllllllllll}\n",
       "  & crim & zn & indus & chas & nox & rm & age & dis & rad & tax & ptratio & black & lstat & medv\\\\\n",
       "\\hline\n",
       "\tcrim &  1.00000000 & -0.20046922 &  0.40658341 & -0.055891582 &  0.42097171 & -0.21924670 &  0.35273425 & -0.37967009 &  0.625505145 &  0.58276431 &  0.2899456 & -0.38506394 &  0.4556215 & -0.3883046\\\\\n",
       "\tzn & -0.20046922 &  1.00000000 & -0.53382819 & -0.042696719 & -0.51660371 &  0.31199059 & -0.56953734 &  0.66440822 & -0.311947826 & -0.31456332 & -0.3916785 &  0.17552032 & -0.4129946 &  0.3604453\\\\\n",
       "\tindus &  0.40658341 & -0.53382819 &  1.00000000 &  0.062938027 &  0.76365145 & -0.39167585 &  0.64477851 & -0.70802699 &  0.595129275 &  0.72076018 &  0.3832476 & -0.35697654 &  0.6037997 & -0.4837252\\\\\n",
       "\tchas & -0.05589158 & -0.04269672 &  0.06293803 &  1.000000000 &  0.09120281 &  0.09125123 &  0.08651777 & -0.09917578 & -0.007368241 & -0.03558652 & -0.1215152 &  0.04878848 & -0.0539293 &  0.1752602\\\\\n",
       "\tnox &  0.42097171 & -0.51660371 &  0.76365145 &  0.091202807 &  1.00000000 & -0.30218819 &  0.73147010 & -0.76923011 &  0.611440563 &  0.66802320 &  0.1889327 & -0.38005064 &  0.5908789 & -0.4273208\\\\\n",
       "\trm & -0.21924670 &  0.31199059 & -0.39167585 &  0.091251225 & -0.30218819 &  1.00000000 & -0.24026493 &  0.20524621 & -0.209846668 & -0.29204783 & -0.3555015 &  0.12806864 & -0.6138083 &  0.6953599\\\\\n",
       "\tage &  0.35273425 & -0.56953734 &  0.64477851 &  0.086517774 &  0.73147010 & -0.24026493 &  1.00000000 & -0.74788054 &  0.456022452 &  0.50645559 &  0.2615150 & -0.27353398 &  0.6023385 & -0.3769546\\\\\n",
       "\tdis & -0.37967009 &  0.66440822 & -0.70802699 & -0.099175780 & -0.76923011 &  0.20524621 & -0.74788054 &  1.00000000 & -0.494587930 & -0.53443158 & -0.2324705 &  0.29151167 & -0.4969958 &  0.2499287\\\\\n",
       "\trad &  0.62550515 & -0.31194783 &  0.59512927 & -0.007368241 &  0.61144056 & -0.20984667 &  0.45602245 & -0.49458793 &  1.000000000 &  0.91022819 &  0.4647412 & -0.44441282 &  0.4886763 & -0.3816262\\\\\n",
       "\ttax &  0.58276431 & -0.31456332 &  0.72076018 & -0.035586518 &  0.66802320 & -0.29204783 &  0.50645559 & -0.53443158 &  0.910228189 &  1.00000000 &  0.4608530 & -0.44180801 &  0.5439934 & -0.4685359\\\\\n",
       "\tptratio &  0.28994558 & -0.39167855 &  0.38324756 & -0.121515174 &  0.18893268 & -0.35550149 &  0.26151501 & -0.23247054 &  0.464741179 &  0.46085304 &  1.0000000 & -0.17738330 &  0.3740443 & -0.5077867\\\\\n",
       "\tblack & -0.38506394 &  0.17552032 & -0.35697654 &  0.048788485 & -0.38005064 &  0.12806864 & -0.27353398 &  0.29151167 & -0.444412816 & -0.44180801 & -0.1773833 &  1.00000000 & -0.3660869 &  0.3334608\\\\\n",
       "\tlstat &  0.45562148 & -0.41299457 &  0.60379972 & -0.053929298 &  0.59087892 & -0.61380827 &  0.60233853 & -0.49699583 &  0.488676335 &  0.54399341 &  0.3740443 & -0.36608690 &  1.0000000 & -0.7376627\\\\\n",
       "\tmedv & -0.38830461 &  0.36044534 & -0.48372516 &  0.175260177 & -0.42732077 &  0.69535995 & -0.37695457 &  0.24992873 & -0.381626231 & -0.46853593 & -0.5077867 &  0.33346082 & -0.7376627 &  1.0000000\\\\\n",
       "\\end{tabular}\n"
      ],
      "text/markdown": [
       "\n",
       "A matrix: 14 x 14 of type dbl\n",
       "\n",
       "| <!--/--> | crim | zn | indus | chas | nox | rm | age | dis | rad | tax | ptratio | black | lstat | medv |\n",
       "|---|---|---|---|---|---|---|---|---|---|---|---|---|---|---|\n",
       "| crim |  1.00000000 | -0.20046922 |  0.40658341 | -0.055891582 |  0.42097171 | -0.21924670 |  0.35273425 | -0.37967009 |  0.625505145 |  0.58276431 |  0.2899456 | -0.38506394 |  0.4556215 | -0.3883046 |\n",
       "| zn | -0.20046922 |  1.00000000 | -0.53382819 | -0.042696719 | -0.51660371 |  0.31199059 | -0.56953734 |  0.66440822 | -0.311947826 | -0.31456332 | -0.3916785 |  0.17552032 | -0.4129946 |  0.3604453 |\n",
       "| indus |  0.40658341 | -0.53382819 |  1.00000000 |  0.062938027 |  0.76365145 | -0.39167585 |  0.64477851 | -0.70802699 |  0.595129275 |  0.72076018 |  0.3832476 | -0.35697654 |  0.6037997 | -0.4837252 |\n",
       "| chas | -0.05589158 | -0.04269672 |  0.06293803 |  1.000000000 |  0.09120281 |  0.09125123 |  0.08651777 | -0.09917578 | -0.007368241 | -0.03558652 | -0.1215152 |  0.04878848 | -0.0539293 |  0.1752602 |\n",
       "| nox |  0.42097171 | -0.51660371 |  0.76365145 |  0.091202807 |  1.00000000 | -0.30218819 |  0.73147010 | -0.76923011 |  0.611440563 |  0.66802320 |  0.1889327 | -0.38005064 |  0.5908789 | -0.4273208 |\n",
       "| rm | -0.21924670 |  0.31199059 | -0.39167585 |  0.091251225 | -0.30218819 |  1.00000000 | -0.24026493 |  0.20524621 | -0.209846668 | -0.29204783 | -0.3555015 |  0.12806864 | -0.6138083 |  0.6953599 |\n",
       "| age |  0.35273425 | -0.56953734 |  0.64477851 |  0.086517774 |  0.73147010 | -0.24026493 |  1.00000000 | -0.74788054 |  0.456022452 |  0.50645559 |  0.2615150 | -0.27353398 |  0.6023385 | -0.3769546 |\n",
       "| dis | -0.37967009 |  0.66440822 | -0.70802699 | -0.099175780 | -0.76923011 |  0.20524621 | -0.74788054 |  1.00000000 | -0.494587930 | -0.53443158 | -0.2324705 |  0.29151167 | -0.4969958 |  0.2499287 |\n",
       "| rad |  0.62550515 | -0.31194783 |  0.59512927 | -0.007368241 |  0.61144056 | -0.20984667 |  0.45602245 | -0.49458793 |  1.000000000 |  0.91022819 |  0.4647412 | -0.44441282 |  0.4886763 | -0.3816262 |\n",
       "| tax |  0.58276431 | -0.31456332 |  0.72076018 | -0.035586518 |  0.66802320 | -0.29204783 |  0.50645559 | -0.53443158 |  0.910228189 |  1.00000000 |  0.4608530 | -0.44180801 |  0.5439934 | -0.4685359 |\n",
       "| ptratio |  0.28994558 | -0.39167855 |  0.38324756 | -0.121515174 |  0.18893268 | -0.35550149 |  0.26151501 | -0.23247054 |  0.464741179 |  0.46085304 |  1.0000000 | -0.17738330 |  0.3740443 | -0.5077867 |\n",
       "| black | -0.38506394 |  0.17552032 | -0.35697654 |  0.048788485 | -0.38005064 |  0.12806864 | -0.27353398 |  0.29151167 | -0.444412816 | -0.44180801 | -0.1773833 |  1.00000000 | -0.3660869 |  0.3334608 |\n",
       "| lstat |  0.45562148 | -0.41299457 |  0.60379972 | -0.053929298 |  0.59087892 | -0.61380827 |  0.60233853 | -0.49699583 |  0.488676335 |  0.54399341 |  0.3740443 | -0.36608690 |  1.0000000 | -0.7376627 |\n",
       "| medv | -0.38830461 |  0.36044534 | -0.48372516 |  0.175260177 | -0.42732077 |  0.69535995 | -0.37695457 |  0.24992873 | -0.381626231 | -0.46853593 | -0.5077867 |  0.33346082 | -0.7376627 |  1.0000000 |\n",
       "\n"
      ],
      "text/plain": [
       "        crim        zn          indus       chas         nox        \n",
       "crim     1.00000000 -0.20046922  0.40658341 -0.055891582  0.42097171\n",
       "zn      -0.20046922  1.00000000 -0.53382819 -0.042696719 -0.51660371\n",
       "indus    0.40658341 -0.53382819  1.00000000  0.062938027  0.76365145\n",
       "chas    -0.05589158 -0.04269672  0.06293803  1.000000000  0.09120281\n",
       "nox      0.42097171 -0.51660371  0.76365145  0.091202807  1.00000000\n",
       "rm      -0.21924670  0.31199059 -0.39167585  0.091251225 -0.30218819\n",
       "age      0.35273425 -0.56953734  0.64477851  0.086517774  0.73147010\n",
       "dis     -0.37967009  0.66440822 -0.70802699 -0.099175780 -0.76923011\n",
       "rad      0.62550515 -0.31194783  0.59512927 -0.007368241  0.61144056\n",
       "tax      0.58276431 -0.31456332  0.72076018 -0.035586518  0.66802320\n",
       "ptratio  0.28994558 -0.39167855  0.38324756 -0.121515174  0.18893268\n",
       "black   -0.38506394  0.17552032 -0.35697654  0.048788485 -0.38005064\n",
       "lstat    0.45562148 -0.41299457  0.60379972 -0.053929298  0.59087892\n",
       "medv    -0.38830461  0.36044534 -0.48372516  0.175260177 -0.42732077\n",
       "        rm          age         dis         rad          tax         ptratio   \n",
       "crim    -0.21924670  0.35273425 -0.37967009  0.625505145  0.58276431  0.2899456\n",
       "zn       0.31199059 -0.56953734  0.66440822 -0.311947826 -0.31456332 -0.3916785\n",
       "indus   -0.39167585  0.64477851 -0.70802699  0.595129275  0.72076018  0.3832476\n",
