# 1. Nhập vào R hai vectơ sau:
#   X = (1 2 3 4 5 6 7 8 9);
#   Y = (1.5 2.3 3.2 4.6 5.4 6.6 7.6 8.6 9.1).
X = c(1:9)
Y = c(1.5, 2.3, 3.2, 4.6, 5.4, 6.6, 7.6, 8.6, 9.1)

# a) Tính độ dài hai vectơ.
length(X)
# [1] 9
length(Y)
# [1] 9

# b) Trích phần tử thứ 2 trong vectơ X và trích các phần tử thứ 1, 4, 7 trong
#    vectơ Y.
X[2]
# [1] 2
Y[c(1, 4, 7)]
# [1] 1.5 4.6 7.6

# c) Thay giá trị của phần tử thứ 4 trong X bởi 215. Thay các giá trị của các
#    phần tử thứ 1, 5 trong Y bởi 99, 199.
X[4] = 215
Y[c(1, 5)] = c(99, 199)

# d) Làm tròn giá trị các phần tử của Y.
Y = round(Y)

# e) Tính tổng X + Y; tích của 5 và Y.
X + Y
# [1] 100   4   6 220 204  13  15  17  18
5 * Y
# [1] 495  10  15  25 995  35  40  45  45


# 2. Nhập vào hai ma trận
A = matrix(c(1, 2, 1, 3, 3, 6, 5, 4, 2, 4, 3, 2, 8, 7, 5, 1), nrow = 4)
A
#      [,1] [,2] [,3] [,4]
# [1,]    1    3    2    8
# [2,]    2    6    4    7
# [3,]    1    5    3    5
# [4,]    3    4    2    1
B = matrix(c(1:4, 4, 1, 5, 3, 1, 7, 8, 9, 4, 6, 3, 7), nrow = 4)
B
#      [,1] [,2] [,3] [,4]
# [1,]    1    4    1    4
# [2,]    2    1    7    6
# [3,]    3    5    8    3
# [4,]    4    3    9    7

# a) Đổi tên các hàng của ma trận A theo thứ tự lần lượt là “X”, “Y”, “Z”, “T”
#    và đặt tên ma trận này là C.
C = A
rownames(C) <- c("X", "Y", "Z", "T")
C
#   [,1] [,2] [,3] [,4]
# X    1    3    2    8
# Y    2    6    4    7
# Z    1    5    3    5
# T    3    4    2    1

# b) Tính tổng các phần tử theo hàng và tổng các phần tử theo cột của ma trận B.
rowSums(B)
# [1] 10 16 19 23
colSums(B)
# [1] 10 13 25 20

# c) Đưa ra giá trị ở hàng 2, cột 3 của ma trận A.
A[2, 3]
# [1] 4

# d) Đưa ra ma trận D với D là ma trận cỡ 2x4 gồm các phần tử ở hàng 1 và hàng 2
#    của ma trận A.
D = A[1:2, ]
D
#      [,1] [,2] [,3] [,4]
# [1,]    1    3    2    8
# [2,]    2    6    4    7

# e) Đưa ra ma trận E với E là ma trận cỡ 4x3 gồm các phần tử trừ cột 3 của ma
#    trận B.
E = B[, -3]
E
#      [,1] [,2] [,3]
# [1,]    1    4    4
# [2,]    2    1    6
# [3,]    3    5    3
# [4,]    4    3    7

# f) Tính ma trận chuyển vị và ma trận nghịch đảo của ma trận A.
t(A)
#      [,1] [,2] [,3] [,4]
# [1,]    1    2    1    3
# [2,]    3    6    5    4
# [3,]    2    4    3    2
# [4,]    8    7    5    1
solve(A)
#            [,1]       [,2]       [,3]       [,4]
# [1,]  0.1481481  0.2592593 -0.6666667  0.3333333
# [2,]  0.2592593 -1.2962963  1.3333333  0.3333333
# [3,] -0.8518519  2.2592593 -1.6666667 -0.6666667
# [4,]  0.2222222 -0.1111111  0.0000000  0.0000000

# g) Đưa ra giá trị riêng và vectơ riêng của ma trận B.
eigen(B)
# eigen() decomposition
# $values
# [1] 18.100077+0.000000i -1.530675+1.890148i -1.530675-1.890148i
# [4]  1.961273+0.000000i
# 
# $vectors
#               [,1]                  [,2]                  [,3]           [,4]
# [1,] -0.2932929+0i -0.8038783+0.0000000i -0.8038783+0.0000000i  0.77080443+0i
# [2,] -0.4737034+0i  0.2024239-0.4109207i  0.2024239+0.4109207i -0.03646262+0i
# [3,] -0.5150916+0i  0.0063999+0.2247578i  0.0063999-0.2247578i -0.52852100+0i
# [4,] -0.6513563+0i  0.3045649-0.0251311i  0.3045649+0.0251311i  0.35383126+0i

# h) Tính định thức của ma trận B.
det(B)
# [1] 210

# i) Tính tích AB.
A %*% B
#      [,1] [,2] [,3] [,4]
# [1,]   45   41  110   84
# [2,]   54   55  139  105
# [3,]   40   39  105   78
# [4,]   21   29   56   49

# j) Biết Z là tích của ma trận A và ma trận nghịch đảo của B. Tìm Z.
Z = A %*% solve(B)
Z
#           [,1]       [,2]        [,3]        [,4]
# [1,] 1.2952381  0.8285714 -0.56190476 -0.06666667
# [2,] 1.3047619  0.3714286  0.16190476 -0.13333333
# [3,] 1.0904762  0.6571429  0.37619048 -0.63333333
# [4,] 0.2047619 -1.8285714  0.06190476  1.56666667
